lastAccountName: Nidobomb
timestamps:
  login: 1587064100496
  logout: 1587064210367
ipAddress: 73.69.102.93
logoutlocation:
  world: world
  x: -320.8856814156702
  y: 115.37429331309657
  z: -127.97400603872237
  yaw: -196.8461
  pitch: 33.201344
