lastAccountName: ZombieKiler
timestamps:
  login: 1594026924111
  logout: 1594026942119
ipAddress: 73.35.230.84
lastlocation:
  world: world
  x: -181.20366015945095
  y: 92.0
  z: -121.68657571453369
  yaw: 163.2412
  pitch: -59.524204
money: '1700.0'
logoutlocation:
  world: world
  x: -203.61761335542562
  y: 84.99236755071736
  z: -123.26564843242488
  yaw: -109.44252
  pitch: 35.170513
