lastAccountName: SeveN00
timestamps:
  login: 1588699984244
  lastteleport: 1588700869286
  logout: 1588701208260
ipAddress: 107.130.45.196
lastlocation:
  world: world
  x: -649.6175482139962
  y: 65.84836307407208
  z: -526.3610440100747
  yaw: 309.85205
  pitch: 47.745594
money: '2600.0'
logoutlocation:
  world: world
  x: -576.4398139063954
  y: 74.78775184176337
  z: -370.765354450281
  yaw: 175.16919
  pitch: 61.212723
afk: false
