lastAccountName: SeveN00
timestamps:
  login: 1597705484894
  lastteleport: 1588700869286
  logout: 1597706109043
ipAddress: 107.130.45.196
lastlocation:
  world: SpawnWorld
  x: -207.12506348824863
  y: 8.0
  z: 98.07327198290199
  yaw: -209.0981
  pitch: 17.249962
money: '3600.0'
logoutlocation:
  world: SpawnWorld
  x: -154.94969674860394
  y: 4.0
  z: 121.7577186703013
  yaw: -353.3318
  pitch: 17.918503
afk: false
