lastAccountName: kenshen38
timestamps:
  login: 1587015902147
  logout: 1587015957787
ipAddress: 73.126.161.214
logoutlocation:
  world: world
  x: 160.7930237090281
  y: 64.0
  z: -363.2327895321826
  yaw: 79.0347
  pitch: 8.849349
lastlocation:
  world: world
  x: -578.7398103225352
  y: 67.0
  z: -166.97569986791873
  yaw: -269.59137
  pitch: 4.9501324
