lastAccountName: kenshen38
timestamps:
  login: 1588985780416
  logout: 1588986852060
ipAddress: 73.126.161.214
logoutlocation:
  world: world
  x: -505.69999998807907
  y: 39.0
  z: -465.76515977038196
  yaw: 114.600075
  pitch: -38.84999
lastlocation:
  world: world
  x: -741.3900294626184
  y: -128.90819773451125
  z: -577.1703966046582
  yaw: 28.639557
  pitch: -55.05009
money: '1800.0'
