lastAccountName: EMNachoboy
timestamps:
  login: 1587442286946
  logout: 1587444380214
  lastteleport: 1587444252312
ipAddress: 174.31.238.102
logoutlocation:
  world: world
  x: -108.39770811838493
  y: 108.33334061708175
  z: 93.21207356207292
  yaw: 210.61664
  pitch: 14.999829
money: '1600.0'
lastlocation:
  world: world
  x: -108.39770811838493
  y: 108.33334061708175
  z: 93.21207356207292
  yaw: 210.61664
  pitch: 14.999829
