lastAccountName: RandomNerd
timestamps:
  login: 1587707874324
  lastteleport: 1587709805951
  logout: 1587710891646
ipAddress: 162.247.208.222
lastlocation:
  world: world
  x: 1008.8875443855281
  y: 63.92159999847412
  z: -2180.64622360361
  yaw: -152.12848
  pitch: 27.81132
money: '1500.0'
logoutlocation:
  world: world
  x: -471.3659225051323
  y: 110.0
  z: 321.841249436871
  yaw: 124.86798
  pitch: 19.508814
