lastAccountName: Keyami
timestamps:
  login: 1598305759989
  lastteleport: 1598310710132
  logout: 1598303403217
  lastheal: 1587441091727
ipAddress: 68.53.30.232
money: '986260366.3666623359933302'
afk: true
lastlocation:
  world: spawn
  x: 473.2841521677883
  y: 279.02605088276425
  z: -214.4050144291212
  yaw: 341.24915
  pitch: 22.050072
logoutlocation:
  world: spawn
  x: 358.8790224077506
  y: 175.0
  z: -281.56489852925125
  yaw: 188.1394
  pitch: 43.981297
godmode: false
