lastAccountName: Keyami
timestamps:
  login: 1589606253108
  lastteleport: 1589557448608
  logout: 1589571585955
  lastheal: 1587441091727
ipAddress: 68.53.30.232
money: '1000032080.5167646439778702'
afk: true
lastlocation:
  world: world
  x: -2704.4523182724442
  y: 55.0
  z: -3768.237500011921
  yaw: 356.0276
  pitch: 37.950157
logoutlocation:
  world: world
  x: 2280.300000011921
  y: 58.66747066831898
  z: -3319.561600176665
  yaw: 261.45007
  pitch: 80.700096
godmode: false
