lastAccountName: ZenixBlue
timestamps:
  login: 1586323526847
  lastteleport: 1586324867255
  logout: 1586324922488
ipAddress: 47.217.104.128
lastlocation:
  world: world
  x: -145.35910802220891
  y: 109.39177401121034
  z: 116.91125413870466
  yaw: 32.35524
  pitch: 64.335754
money: '1800.0'
logoutlocation:
  world: world
  x: -92.00795563516998
  y: 73.74713361118644
  z: 140.64446411671494
  yaw: -23.399445
  pitch: 43.069996
