lastAccountName: Angrygate
timestamps:
  login: 1586313362958
  logout: 1586315392541
ipAddress: 73.121.8.157
lastlocation:
  world: world
  x: -258.5
  y: 75.0
  z: 104.5
  yaw: -29.658274
  pitch: 2.8499997
money: '1100.0'
logoutlocation:
  world: world
  x: 774.6523968102623
  y: 104.74396209437708
  z: 95.69999998807907
  yaw: -95.997734
  pitch: 29.699907
