spawns: 
  default: 
    world: spawn
    x: 358.4890622015632
    y: 180.0
    z: -304.53236497810946
    yaw: 9.765625E-4
    pitch: 1.3500144
